// 10
1 7 9 5 3 0 2 4 8 6
3 8 1 6 0 9 4 2 7 5

// 100
8139050 3164182 6773078 -891925 1580534 -1166556 62122 8658791 574516 4824626 -2539003 3217152 -9695752 2359076 -327262 1459003 -5198193 -40429 8547117 8510245 -9920537 -5832585 8043914 2742533 6299616 -5842939 1051368 2999994 4886697 3531571 2522523 1031147 1052850 4140688 4054855 9376123 -4560762 -5483748 1069883 -1599456 -7999843 2497973 -1565734 -6246310 -9026995 -1867735 7976911 -8421351 9978051 -8045437 -8090789 8148927 -8838347 3236285 4137217 -3812550 9208623 -2708058 4604206 8709135 1574921 738356 233698 -5711886 8812417 8851558 -7152489 -2143919 8648848 4121706 -7122709 -3166028 -1493747 -1884056 -6948277 -5428656 8498340 -3112254 -8674796 3010226 -1837388 -8578167 -5250293 7407382 6625776 -2752522 4615073 -5159773 -5868323 5466844 2188394 7961411 8600285 4088589 -7340926 8051382 -2325326 2627300 -3847969 -6580875
1428811 5193888 -7055893 5117949 -8588536 -6668851 5167439 -3624196 4082812 9616466 -9341673 -693464 1960328 2101767 6100174 -8915261 3299309 8367347 -6364572 -2321011 1447393 7664153 -5209178 7469344 8197576 -2791015 6092742 9430018 8550255 -4294185 5576444 -42890 -5180064 7454167 -6513914 1485464 -1601401 -1977609 7030000 -7459585 -6842390 8523394 -5324641 9826154 2914648 -1149010 5840888 -8370287 -3802182 -4557787 -6695145 8956398 -8310230 308133 4206942 -2353225 -5754667 1705545 -1535107 -106409 353346 -7147330 695165 264706 8888689 5384551 -5163809 5446794 -1498327 -8174506 1202778 9474585 -2299186 3880324 -9223360 8550208 284748 1856449 9761486 -7581419 7262450 -7292451 -2685392 -8793150 -5574309 -3026895 5438387 201277 2817468 4463274 4396291 7695602 -2420195 4612652 7264663 -9487014 3405563 6387078 -8227060 -6446938
8609359 -8902055 4731141 -4963352 1617639 3848249 -8073456 -3254344 -6594166 5983284 9007202 -7426811 5295224 -8399600 -140543 7466667 -5799947 8235280 -3500123 -10101 -2078307 5621943 -4321454 932892 1616937 -9467602 -2901977 -789692 823007 3693628 -3154968 -9464449 -7698358 5006399 9178038 9502921 4381051 8931573 -2990886 2230132 -7033867 4217884 1511322 257287 5933807 1093321 -8032832 -4400206 -6053392 -5615800 4508965 2186655 -4353651 8346424 -9491068 2835973 -9413370 4646821 1470748 -9655130 -6945770 -9406249 -7486196 -2821680 678560 -1464331 -4909296 4044342 8068296 -627532 1125145 -295355 -2178660 1238618 -7756880 -7832747 -7328184 8023426 -2369085 -5851015 9685278 -5114194 1322971 -7753188 -4008523 6726636 -5177838 6693410 763201 6137328 2689701 3035600 5065171 9945534 -2738011 2046643 6830447 -7686458 9226343 -63936

// 500
2738207 -2375202 2942509 -1567286 6790174 -7220069 -5290866 6223299 9625859 6944943 -2728131 6611291 7883873 -9080982 -1417078 9550183 -2128697 -2077162 -4843258 -1843779 -3955323 7372271 6489550 -75836 5299491 6617675 -3649924 9254658 1411860 7787863 9235093 -5725170 7738992 -2432143 -9528356 -3939258 8843683 3341864 -1252622 -3143370 4513473 -8756924 -6921142 -2441035 2360695 -1474367 7375123 8937082 -4564078 -6924290 -5155195 -1360263 5609203 -8541899 -6405729 9345895 -3330192 931575 -6235869 -5996059 5825824 -495160 -7934234 3481360 4827480 851194 6340395 -8414405 9211640 -6212636 6059239 2441318 -7778961 3392523 8553458 -2877920 2630443 6596094 9288407 6341292 -2649808 4213528 8176894 2886220 2247120 -8559192 -7635754 -7766515 -1374693 -4382862 1523732 -1978044 -5658492 4524164 3932010 6910048 -4172208 -3636966 -2363635 -7559978 3090124 480748 -401115 2699318 -9774680 5313880 2563580 -3599161 -1752408 -5697389 9857319 -3484452 8643056 3876372 3437217 4343997 1569193 -9568526 -8176187 -3372507 -6064789 -5430822 7061013 -4034757 8237648 5743590 3324105 5934161 -2519477 2847878 -9508798 4969414 -2570780 -8496952 -1431807 -3429546 9235406 9353443 -8411794 -9714673 2699723 -3381711 -3781866 4115665 -9171847 3005857 588760 268753 8291669 8788510 -35368 8667818 -7572077 3236819 -786386 4540292 -1536632 -2169772 5255403 -1286575 5353974 3362524 -4506376 7677407 -5165735 -6266724 8447876 -9871099 -6284767 -7047585 7397239 5776211 -1660861 7919716 442245 8749089 -4150371 1365358 4445835 7233285 -5863901 9137154 -9081168 -4025126 7429191 -1518869 -9442512 -8512842 -9173750 2219977 5143300 -7079627 1883910 -4547049 -9590369 -2878066 -8081988 -3749116 1835385 5092044 -2657199 -8727180 -3240350 6282826 5244900 1990084 -2920053 -2264425 -1633029 6761923 -8049018 2151676 8280782 -5900334 -5646040 2719576 -7940945 -5094651 -7584245 2255890 8779143 6278902 5047944 6575936 6379498 -6912097 3417737 6758042 -8809394 8871147 4096897 6348690 2464342 -1820218 -1061793 -6447850 2069839 5447925 -8395981 8100431 -3397276 -238298 8183556 7689087 5479394 8053867 -1353469 -6613064 978159 -7292349 446917 -5805573 7933818 -4449433 -8533945 3788748 -4259328 5895280 -1126422 -2283684 5899216 2343104 1065438 -2822467 -7556676 -8465370 -8743215 -784543 -2712890 6041352 -8732723 9414968 6314363 5575368 -7441842 -5195961 -3052616 3573031 4580863 -7855355 3256424 -5366490 -5664958 520956 -7384994 2628801 8388859 6185973 6242103 7617653 -2094061 356540 5175147 -6198562 5004172 2441435 -6393464 -1373632 8211344 5329347 8140638 -4884055 9373736 8129261 3858174 7042206 -8714223 3676900 3858661 -5253715 721 9582750 -5285870 -785904 -8585202 414491 -1886610 -801427 3954651 -74920 -633033 9706997 -1983179 9053578 -8084432 4261706 7866259 -6011329 -7713404 -3953261 554947 1877737 -9632225 3456947 -4380592 6781926 5237136 4373999 7412651 8147318 -5121334 -9985526 -8756453 4711136 541754 -8854259 7280915 4962984 8601281 2848264 -8736661 7660573 -3281726 -280195 9083052 -7221836 -7973362 -8065447 -2934994 -7797892 3163247 1378778 7497679 2131599 669177 6620995 -5846607 -4895586 -560324 -574802 5250269 -1061100 5274858 -9428161 2241345 -3446273 6706098 -3788718 4229251 -2219188 3680787 5465725 9300770 -2492847 7758145 -1642299 2967391 -9907635 8345478 -8706627 420436 7256422 -4805954 -7656539 8501442 106760 4132560 319645 -8522062 8341202 -8714374 -754673 -1956411 7750046 -9254933 -5025725 -2602789 -8835751 -2457409 -7748675 -1931741 -978997 6670222 6197132 5167288 -9060601 614842 -5378990 -8171056 -5468302 1244341 -1868556 2050911 6364231 -1630089 5457106 1637715 -5852674 -9450278 -6019396 -5393322 -2426245 -9064894 5682420 6918617 -2437478 -4940183 1221678 -8693305 -7392431 -4144856 6945702 2694872 -8235850 -4205767 -2799131 -4297424 6481945 5659259 -7981345 697868 -235764 -1311143 -4850237 1577441 -568708 -2237971 201821 -7731075 7059465 207383 7950198 -7527622 2320898 2691573 8832549 -586246 -7434288 6798334 -8551786 -433953 1731469 6311430 7988783 9467248 -8277748 -1729127 -5858162 40224 -2560657 8771923 -6775103 -340576 -8205889 8932790 8273695 -6703021 -7937993 3033456 7634767 -698231 -7561300 -9473422 -363922 3998556 9966297 3717305 6128753 9268750 -3076635
8757738 3474164 6664651 -8605967 -3931369 9826283 -780997 -4361710 7843983 -9132652 -9081179 -1189163 1424812 -8540074 -8709679 -9609689 -8005978 -9640576 -6833844 -6873761 9587071 1966118 -6926189 9557799 4978361 -5091892 -3837356 -6721794 -4572123 9480085 -2013402 -1337468 -2892860 -1164077 6277963 -3222464 6974021 -440950 976131 -4215642 6434089 -5967816 -9137503 -1571804 5189928 -4796463 -9709204 -5005329 -1788985 2178033 -1585245 3148050 4929459 6275640 -9829303 -9634078 -7972170 3604494 -4259586 -8340278 -9933194 3599623 2035964 3599619 9054245 468717 -8358068 -4075636 8438827 1305786 -1567690 -5341081 -8462820 2060016 1289374 7760699 6262935 -4373770 3046819 4641825 6968969 6636265 -5883061 7203266 9555977 -4296865 -3621717 -2622267 -8169938 -5743398 5402404 -5003480 4436378 -6814785 3956360 -6273273 -1185989 5821204 -5434899 -4163023 266639 5786190 1764036 -4912639 -6844464 4239987 4519499 -6218764 2114120 -3397514 -3295470 1266915 7212524 -6892260 -911782 -2326617 3793646 693955 -1718874 -6217932 -6722773 7333998 -9910163 -7620263 -3945823 7736928 7036697 9301548 7191087 -7801749 968030 -5827933 2725173 -4997221 -8620173 2829954 -5469572 -5350380 750067 -6055275 -1743539 3278038 1239000 6065887 -2448748 -4131027 -6643412 -4216726 867206 2794990 -8335855 3601531 -6100941 905386 -8232255 -4437879 999137 7744562 8476382 -4882634 7822009 -5275213 7583981 -1370463 -984959 1564239 8975961 -1695974 -2465715 7664276 -4094632 3444374 -459945 -8844379 9119939 2548999 -997702 -4894854 5572563 9578043 9541272 -8722372 -2128471 6583414 2558531 4045664 4728019 -7149246 -6715121 8681282 6501665 -7420343 -9927277 4970378 -5766221 -764303 5568009 7861974 9223217 5624499 3231334 9779808 7759701 4313720 5518699 3115075 -601930 231928 4172160 5677227 -7980745 7375596 -6872859 -2405154 -7762084 -3347651 -5584839 6587942 -2673241 7447141 5561412 1967147 7239943 -7830287 6681395 -7509499 9753364 -9361226 -9000890 -1742095 -6542254 -5550313 -4604466 -8666619 -4528710 -9106511 5810457 -9224747 -6055695 -944838 5307746 6763401 -5998637 4978500 -3430354 -5821075 3116296 1180140 7822957 7041889 -256279 -2145335 -4612032 4280494 167233 -6067422 -1836478 1470281 -1317481 -3246626 4072314 5682902 -1571440 1767266 6154627 -9342975 9959981 -2979438 -2714691 7460387 7485277 -3363882 -642400 -8656936 193890 3119121 -2675819 -7651958 -2996100 -6304757 -4249362 233536 6935786 -8234504 2563740 6642732 -8779712 815500 4889654 -665513 -620312 3785861 4424459 1862814 3095881 1231792 8385559 2515450 -7056995 5291648 272881 -9974948 5035847 -6780908 -4589455 9234766 -1325675 -4634578 6741058 -594400 3971929 -5871646 2229966 -6003437 -5013327 -9230556 -2116050 8629081 -3986614 8413836 499618 -551715 8094171 9398607 9431088 -7650126 -2107680 -7128043 -7363718 -6784524 -4244358 5362481 -7517151 7103746 9502477 -320083 -4207672 -5081221 -9509924 -1084222 1207984 -6490149 8048639 -4923443 39059 -4843275 -2825320 -3959570 6919897 3761957 -4731527 7682472 -4226030 -295060 4319040 9797947 9034595 6022310 -9049274 -6664722 -6266091 -5025878 -1928609 3701474 2555165 9805898 7114883 -1844118 -4620609 -2063458 -5264655 -9593663 5654526 -4067909 -6823800 5422217 -9819697 -5507106 5947793 6302675 3639785 -6141250 -5655041 -2937336 -311813 7323561 1589851 -3635700 -6815339 -3925842 6081235 9794484 6127013 491727 2754034 613736 -3675717 9043697 -7926485 6554316 947306 746573 6005650 -4848738 -4014632 -5047804 -7911816 -7066480 4112185 -2845650 3951533 -5733271 4071121 -7358292 -8594480 6192579 8462211 -2965876 2473379 1460627 -9366706 -7681878 -7372122 3779546 9651386 -4223380 6737552 356435 1316917 -5211242 5918871 -4909852 -4139420 -7812277 1748786 9276014 -6607206 -7720522 4162312 -8568446 -6842802 3071512 -2177939 -1178508 1468603 1478202 196872 -9151316 5636384 -4983635 -186330 -8966895 3404791 3126888 -5740971 -4445690 6373132 4012522 5107797 -7521065 -2128070 -6878386 -7691661 9497232 5742947 3996384 9905823 8205132 3635911 8416555 -8638360 -5561379 7518544 -7644401 -1718201 8468384 8269952 423826 7928823 -6265091 5839840 198330 9005674 7188648 5656848 -3477020 389011 -4478297 -6175007 -8189408 -7708448 -9320227 5175987 -8558033 4444126 -9930879 6198305 -4685059 1666498 -438476
4952705 -1285581 -2501822 -2816751 9049459 -7575875 8714292 3581406 9479404 -3006949 -2854317 8829869 -566760 1541443 4046455 7319700 -8658344 -3483221 -7514890 -5287557 -186013 -4539223 3487925 6023878 -5682951 -1793731 4865734 -9405995 -96835 -8417818 7981953 -6183349 -4981034 -1116561 -4988753 4706757 -6214517 -5818875 -4656079 -3903118 5072462 4450244 2778900 6649033 1077482 1827031 -6903671 -1068019 6009467 -5584324 256573 -3502562 3567826 3192200 -8734619 -2437243 -3109580 3783948 1693667 9565734 8108016 9126986 -6020350 4706268 1011670 -306047 -1336064 -5560233 8178491 8126254 -2213073 539423 6421756 8525590 309552 5291849 6480913 9592920 741909 3154714 -9323162 -2257731 4253632 -1606893 -6927250 833571 260664 736785 -8135902 -2506644 -8479023 -8572130 6980511 -9072264 -2442625 -6326856 7932076 4261543 -8220088 -8191575 -2868493 -9101901 -866442 1782288 -9421653 134868 -4764873 8256922 7323595 -1048317 9130722 -9395825 3740829 5824294 -6513784 1386736 -9646668 409294 -9437423 2762255 2571513 -2522 2517248 771765 4230074 -8758070 8330814 5386607 -6557780 -4148614 4028929 -539394 3104536 -4973244 226540 6386990 -7709029 -5838790 2252920 6998748 4707889 -6034413 8489008 -8951758 5658694 -105217 -4583292 7094807 9720060 6248854 9931476 -8040192 2503200 6532744 6799806 -7222734 2804987 -4078262 -8702028 810562 8052309 796242 -6563000 -1921912 -5681198 6055754 -6425273 -3786953 6945083 -5269830 -3013525 -2459764 11449 1325701 7610446 2452376 -3169611 8596419 842843 -2757257 -2484735 -8073256 -4473894 1088817 -7829445 7895842 3384332 9887994 5574790 -525328 695578 -6042333 -1851893 -4225432 -7020784 -1126789 8925704 -9017806 1497308 651422 -372043 9898117 2068199 -6271705 -4603714 -9316781 -606117 -5771558 3145865 -7078634 -2952554 4833099 4705006 -9950098 -526423 -8199749 -4631314 5912574 -4920208 8080608 -9302300 1496391 -7919870 -8869417 7867742 6064222 -5042498 -5885904 -580431 -4679539 -8183137 7114998 -3541633 -5579162 9553897 -1264253 4196929 -1487540 3781958 4325910 1516594 6663718 1005922 3877754 5241321 -7273993 -2262733 4254800 -3629928 9052675 -6720222 7636097 -4445486 8075160 5169682 1272544 -8867818 -8382330 -2865567 -5380361 1941786 -3687290 8153781 -8702794 -7310228 -8522763 3142702 5999045 688138 1933423 9831118 -3789781 -3253225 8269460 -1506064 -4339389 5625238 -3388848 -1157289 -9075926 -7478955 3937641 -8489551 -5084362 5831703 5040597 -344963 3513711 8500972 7813188 4399532 9470210 -5521386 -4232809 -2700508 -1678261 5432704 -7995680 8917935 -8292608 34914 9100909 -4552597 9292064 -8997756 3748633 7388580 2363083 -1433106 4752408 403982 -7183799 6312908 -9635686 3895411 -6690064 -3572303 8333599 -5197184 -4405824 -2605441 -7617532 2477037 4663919 7523100 -7267203 2053541 1959020 -9645434 9544673 5844337 -3696566 1234924 5239379 -838548 -2113687 5359668 -4375751 -479711 6740155 9110912 9476446 7974372 -2925567 -9560257 -1269021 6069199 -679900 -2568241 9619200 6641069 8799012 -3125699 7760093 3081334 4795310 -7997169 -6736797 6910502 -1442736 4269720 4063668 -38043 7204463 -9229276 625497 -1942384 -6279180 9680433 6773198 1721055 7033093 2817441 5000398 -4217921 3137828 -961817 9535740 -3958274 -8269096 6079810 7268047 -3394710 7069884 -2172665 3593722 -6658898 3819616 -5350375 3084812 -6755078 -8268629 -7264404 1985488 953018 -4719603 4712483 3057825 1122205 2071581 -3736813 -512550 8858300 5767938 5521074 3869672 1797063 7509494 9570931 4515409 -849869 4535802 -7956120 -9881709 7477843 -5981082 259844 -8916859 -9783434 -3182650 1516595 -8825841 -9677448 4613484 5317045 2179488 -8087804 -6918495 6452227 1571378 2509232 -2876571 2066978 8961463 -9739119 7913953 6659194 -2961236 -6031787 4824570 -1540665 4208056 -4260902 223336 4762777 -9523507 8451508 6038688 2148407 4436513 -4589072 4210699 8810815 9161915 -2276591 -53919 4980159 8084887 -3336958 -7123187 -4010677 3820946 6292909 1703152 3079696 3128256 4202931 1696166 3313243 4849881 9907889 4013906 2625909 8810083 -4199747 609595 -1883670 7184545 -8816440 4974103 -2351178 -546404 4300563 -256933 -8365147 -1302886 1628610 7211976 4214104 -2770744 5918701 9941736 -6786267 -5694960 5957215 -9571415 1405258 -5395080 9847301 4235282